169.42049752252498
119.37303054146383
169.42049752252498
119.37303054146383
140.5633728349011
154.99193517871305
140.5633728349011
113.67782784611114
86.79228285732121
94.30395506893342
101.81562728054561
115.86560642102167
129.91558556149772
135.2394791981994
129.91558556149772
115.86560642102167
113.8478679306863
107.83174760561596
113.8478679306863
107.83174760561596
101.81562728054561
107.83174760561596
101.81562728054561
97.57982336713206
93.34401945371852
90.06815115551987
93.34401945371852
90.06815115551987
93.34401945371852
90.06815115551987
86.79228285732121
80.38038804724835
73.9684932371755
73.6021245599437
73.23575588271191
71.66333661783798
73.23575588271191
73.6021245599437
73.23575588271191
71.66333661783798
70.09091735296406
70.60825672896937
71.12559610497469
70.60825672896937
70.09091735296406
70.60825672896937
70.09091735296406
70.60825672896937
71.12559610497469
72.1806759938433
73.23575588271191
72.1806759938433
73.23575588271191
73.6021245599437
73.9684932371755
73.6021245599437
