ISS (ZARYA)             
1 25544U 98067A   23034.21948524  .00011361  00000+0  20404-3 0  9991
2 25544  51.6420 272.0853 0004811 309.2927 189.4695 15.50372651381013
AEROCUBE 12A            
1 43556U 18046C   23033.98996586  .00053664  00000+0  80098-3 0  9994
2 43556  51.6317 130.4670 0002783 156.3851 203.7268 15.54515628254953
AEROCUBE 12B            
1 43557U 18046D   23033.52228536  .00048502  00000+0  90140-3 0  9992
2 43557  51.6333 142.9903 0004518 145.6042 214.5240 15.48405636254691
LEMUR-2-VU              
1 43558U 18046E   23033.84929156  .01549053  17080-2  16226-2 0  9993
2 43558  51.6198  86.4391 0010470  34.7452 325.4244 16.10034004255527
LEMUR-2-TOMHENDERSON    
1 43561U 18046H   23033.89244924  .00560026  13569-3  15747-2 0  9993
2 43561  51.6343  95.8483 0014265  75.0403 285.2182 15.92776531254967
ICS-EF (ISS DEB)        
1 45265U 98067RJ  23033.62038489  .00126751  00000+0  45418-3 0  9999
2 45265  51.6258 215.6150 0002813 294.4450  65.6261 15.87900685167822
ISS DEB                 
1 47853U 98067RZ  23033.04093433  .00016010  00000+0  20180-3 0  9995
2 47853  51.6383 262.3604 0002512 139.2373 220.8808 15.59774297107660
MMSATS-1                
1 47976U 98067SJ  23033.95714674  .00102634  00000+0  51872-3 0  9998
2 47976  51.6332 234.2208 0003375 197.7673 306.4605 15.80771755106393
CSS (TIANHE)            
1 48274U 21035A   23033.92482590  .00012682  00000+0  15026-3 0  9991
2 48274  41.4749 254.5229 0002255 130.8492 319.0066 15.61029609100832
ISS (NAUKA)             
1 49044U 21066A   23033.56591352  .00011267  00000+0  20253-3 0  9994
2 49044  51.6430 275.3244 0004873 306.2354 142.3276 15.50356943380911
FREGAT DEB              
1 49271U 11037PF  23031.14068717  .00004774  00000+0  17635-1 0  9992
2 49271  51.5865 326.9910 0918144 150.4477 215.1637 11.99153391 74413
KITSUNE                 
1 52148U 98067TK  23033.86617398  .00138398  00000+0  69382-3 0  9991
2 52148  51.6303 249.4398 0001182 188.1073 290.4840 15.80825106 49285
PROGRESS-MS 20          
1 52795U 22059A   23033.56591352  .00011267  00000+0  20253-3 0  9994
2 52795  51.6430 275.3244 0004873 306.2354 142.3276 15.50356943380918
CSS (WENTIAN)           
1 53239U 22085A   23033.53957896  .00012406  00000+0  14714-3 0  9994
2 53239  41.4756 256.8662 0002330 122.7310 319.3253 15.61018177100778
1998-067TQ              
1 53305U 98067TQ  23032.87213471  .00977177  43071-3  26504-2 0  9994
2 53305  51.6268 260.7992 0006636 253.0848 218.2232 15.93636330 30521
HSU-SAT1                
1 53462U 98067UB  23032.05175198  .00170028  00000+0  10038-2 0  9997
2 53462  51.6324 269.8514 0003634 137.5674 222.5608 15.77095258 26964
FUTABA                  
1 53463U 98067UC  23034.02030267  .00398368  71197-4  12215-2 0  9992
2 53463  51.6249 255.9327 0005411 206.5436 153.5294 15.91306364 27321
D3                      
1 53767U 98067UE  23033.05718229  .00097165  00000+0  83922-3 0  9997
2 53767  51.6339 269.1157 0004016 143.5303 216.5968 15.68425683 23187
BEAVERCUBE              
1 53768U 98067UF  23033.64576555  .00089804  00000+0  78845-3 0  9996
2 53768  51.6366 266.2960 0003015 160.2100 199.9014 15.68062178 23280
CLICK-A                 
1 53769U 98067UG  23031.97155128  .00241767  00000+0  11375-2 0  9992
2 53769  51.6431 270.9143 0004227 203.1829 156.8983 15.81884211 23079
ISS DEB                 
1 53772U 98067UK  23033.89892041  .00248733  00000+0  12000-2 0  9997
2 53772  51.6301 261.1884 0004478 197.3193 162.7657 15.81322187 23364
SOYUZ-MS 22             
1 53879U 22116A   23033.56591352  .00011267  00000+0  20253-3 0  9992
2 53879  51.6430 275.3244 0004873 306.2354 142.3276 15.50356943380912
CREW DRAGON 5           
1 53963U 22124A   23033.56591352  .00011267  00000+0  20253-3 0  9995
2 53963  51.6430 275.3244 0004873 306.2354 142.3276 15.50356943380916
PROGRESS-MS 21          
1 54155U 22140A   23033.56591352  .00011267  00000+0  20253-3 0  9997
2 54155  51.6430 275.3244 0004873 306.2354 142.3276 15.50356943380910
CSS (MENGTIAN)          
1 54216U 22143A   23033.53957896  .00012406  00000+0  14714-3 0  9995
2 54216  41.4756 256.8662 0002330 122.7310 319.3253 15.61018177100774
CYGNUS NG-18            
1 54232U 22149A   23033.56591352  .00011267  00000+0  20253-3 0  9992
2 54232  51.6430 275.3244 0004873 306.2354 142.3276 15.50356943380916
TIANZHOU-5              
1 54237U 22152A   23033.53957896  .00012406  00000+0  14714-3 0  9998
2 54237  41.4756 256.8662 0002330 122.7310 319.3253 15.61018177100777
SHENZHOU-15             
1 54379U 22162A   23033.53957896  .00012406  00000+0  14714-3 0  9996
2 54379  41.4756 256.8662 0002330 122.7310 319.3253 15.61018177100774
1998-067UL              
1 54534U 98067UL  23033.08420463  .00061174  00000+0  80925-3 0  9994
2 54534  51.6397 276.0503 0001247 308.0769  52.0110 15.57729186  9654
1998-067UM              
1 54535U 98067UM  23033.85324098  .00075480  00000+0  94784-3 0  9990
2 54535  51.6422 271.9654 0000382 309.2393 153.2661 15.59024851  9777
1998-067UN              
1 54536U 98067UN  23033.88466252  .00055819  00000+0  75681-3 0  9992
2 54536  51.6429 272.1734 0001470 337.6636 129.2649 15.57108534  9735
1998-067UP              
1 54537U 98067UP  23033.87066954  .00063759  00000+0  83684-3 0  9991
2 54537  51.6413 272.0728 0001103 329.1909 137.4219 15.57922185  9777
XW-4 (CAS-10)           
1 54816U 21035C   23033.98807261  .00138223  00000+0  93539-3 0  9997
2 54816  41.4767 251.6298 0012766 254.8637 105.0801 15.73697038  7231
MARIO                   
1 55123U 98067UQ  23033.93265764  .00064433  00000+0  90693-3 0  9998
2 55123  51.6409 272.7203 0000746 222.1016 137.9918 15.56038387  5589
NUTSAT                  
1 55124U 98067UR  23033.91493716  .00097486  00000+0  12632-2 0  9997
2 55124  51.6393 272.6008 0002613 223.9004 136.1781 15.58077149  5574
LORIS                   
1 55125U 98067US  23034.13614491  .00052202  00000+0  76594-3 0  9993
2 55125  51.6395 271.8277 0000763   5.0615 355.0383 15.54997949  5628
ORCASAT                 
1 55126U 98067UT  23033.11329747  .00046201  00000+0  69550-3 0  9994
2 55126  51.6408 276.9964 0001356  10.6569 349.4450 15.54348690  5469
DANTESAT                
1 55127U 98067UU  23033.95699350  .01819501  22368-2  28646-2 0  9993
2 55127  51.6205 267.5677 0015999 231.2959 128.6622 16.03513089  5621
TJREVERB                
1 55128U 98067UV  23033.95038259  .00046742  00000+0  69726-3 0  9998
2 55128  51.6406 272.8363 0002375 334.4465  25.6408 15.54592729  5584
SPORT                   
1 55129U 98067UW  23033.77743599  .00026927  00000+0  43424-3 0  9999
2 55129  51.6405 273.9306 0001665 327.5194  32.5694 15.52713168  5557
PETITSAT                
1 55130U 98067UX  23033.23881479  .00112964  00000+0  15793-2 0  9996
2 55130  51.6396 276.3341 0002915 247.2467 112.8216 15.55965651  5421
SS-1                    
1 55181U 98067UY  23033.76421789  .00059902  00000+0  88382-3 0  9991
2 55181  51.6392 273.8423 0004393 264.0651  95.9839 15.54779273  4265
HSKSAT                  
1 55182U 98067UZ  23033.25652399  .00054237  00000+0  83378-3 0  9995
2 55182  51.6403 276.4506 0003686 257.8417 102.2160 15.53696959  4193
OPTIMAL-1               
1 55183U 98067VA  23033.77483783  .00037174  00000+0  58281-3 0  9998
2 55183  51.6406 273.9135 0003752   2.1757 357.9249 15.53323892  4278
ISS DEB (SPX-26 IPA FSE)
1 55448U 98067VB  23033.68463878  .00020619  00000+0  36266-3 0  9990
2 55448  51.6405 274.7399 0004915 307.5162  84.4803 15.50432502   311
