0,1,0,209,263
0,1,1,210,263
0,1,2,211,263
0,1,3,212,263
0,1,4,213,263
0,1,5,214,263
0,1,6,215,263
0,1,7,216,263
0,1,8,217,263
0,1,9,218,263
0,1,10,219,263
0,1,11,220,263
0,1,12,221,263
0,1,13,222,263
0,1,14,223,263
0,1,15,224,262
0,1,16,225,262
0,1,17,226,262
0,1,18,227,262
0,1,19,228,262
0,1,20,229,262
0,1,21,230,262
0,1,22,231,262
0,1,23,232,262
0,1,24,233,262
0,1,25,234,262
0,1,26,235,262
0,1,27,236,262
0,1,28,237,262
0,1,29,238,262
0,1,30,239,261
0,1,31,240,261
0,1,32,241,261
0,1,33,242,261
0,1,34,243,261
0,1,35,244,261
0,1,36,245,261
0,1,37,246,261
0,1,38,247,261
0,1,39,248,261
0,1,40,249,261
0,1,41,250,261
0,1,42,251,261
0,1,43,252,261
0,1,44,253,261
0,1,45,254,260
0,1,46,255,260
0,1,47,256,260
0,1,48,257,260
0,1,49,258,260
0,1,50,259,260
0,1,51,260,260
0,1,52,261,260
0,1,53,262,260
0,1,54,263,260
0,1,55,264,260
0,1,56,265,260
0,1,57,266,260
0,1,58,267,260
0,1,59,268,260
0,1,60,269,259
0,1,61,270,259
0,1,62,271,259
0,1,63,272,259
0,1,64,273,259
0,1,65,274,259
0,1,66,275,259
0,1,67,276,259
0,1,68,277,259
0,1,69,278,259
0,1,70,279,259
0,1,71,280,259
0,1,72,281,259
0,1,73,282,259
0,1,74,283,259
0,1,75,284,258
0,1,76,285,258
0,1,77,286,258
0,1,78,287,258
0,1,79,288,258
0,1,80,289,258
0,1,81,290,258
0,1,82,291,258
0,1,83,292,258
0,1,84,293,258
0,1,85,294,258
0,1,86,295,258
0,1,87,296,258
0,1,88,297,258
0,1,89,298,257
0,1,90,299,257
0,1,91,300,257
0,1,92,301,257
0,1,93,302,257
0,1,94,303,257
0,1,95,304,257
0,1,96,305,257
0,1,97,306,257
0,1,98,307,257
0,1,99,308,257
0,1,100,309,257
0,1,101,310,257
0,1,102,311,257
0,1,103,312,257
0,1,104,313,256
0,1,105,314,256
0,1,106,315,256
0,1,107,316,256
0,1,108,317,256
0,1,109,318,256
0,1,110,319,256
0,1,111,320,256
0,1,112,321,256
0,1,113,322,256
0,1,114,323,256
0,1,115,324,256
0,1,116,325,256
0,1,117,326,256
0,1,118,327,256
0,1,119,328,255
0,1,120,329,255
0,1,121,330,255
0,1,122,331,255
0,1,123,332,255
0,1,124,333,255
0,1,125,334,255
0,1,126,335,255
0,1,127,336,255
0,1,128,337,255
0,1,129,338,255
0,1,0,209,263
0,1,1,210,263
0,1,2,211,263
0,1,3,212,263
0,1,4,213,263
0,1,5,214,263
0,1,6,215,263
0,1,7,216,263
0,1,8,217,263
0,1,9,218,263
0,1,10,219,263
0,1,11,220,263
0,1,12,221,263
0,1,13,222,263
0,1,14,223,263
0,1,15,224,262
0,1,16,225,262
0,1,17,226,262
0,1,18,227,262
0,1,19,228,262
0,1,20,229,262
0,1,21,230,262
0,1,22,231,262
0,1,23,232,262
0,1,24,233,262
0,1,25,234,262
0,1,26,235,262
0,1,27,236,262
0,1,28,237,262
0,1,29,238,262
0,1,30,239,261
0,1,31,240,261
0,1,32,241,261
0,1,33,242,261
0,1,34,243,261
0,1,35,244,261
0,1,36,245,261
0,1,37,246,261
0,1,38,247,261
0,1,39,248,261
0,1,40,249,261
0,1,41,250,261
0,1,42,251,261
0,1,43,252,261
0,1,44,253,261
0,1,45,254,260
0,1,46,255,260
0,1,47,256,260
0,1,48,257,260
0,1,49,258,260
0,1,50,259,260
0,1,51,260,260
0,1,52,261,260
0,1,53,262,260
0,1,54,263,260
0,1,55,264,260
0,1,56,265,260
0,1,57,266,260
0,1,58,267,260
0,1,59,268,260
0,1,60,269,259
0,1,61,270,259
0,1,62,271,259
0,1,63,272,259
0,1,64,273,259
0,1,65,274,259
0,1,66,275,259
0,1,67,276,259
0,1,68,277,259
0,1,69,278,259
0,1,70,279,259
0,1,71,280,259
0,1,72,281,259
0,1,73,282,259
0,1,74,283,259
0,1,75,284,258
0,1,76,285,258
0,1,77,286,258
0,1,78,287,258
0,1,79,288,258
0,1,80,289,258
0,1,81,290,258
0,1,82,291,258
0,1,83,292,258
0,1,84,293,258
0,1,85,294,258
0,1,86,295,258
0,1,87,296,258
0,1,88,297,258
0,1,89,298,257
0,1,90,299,257
0,1,91,300,257
0,1,92,301,257
0,1,93,302,257
0,1,94,303,257
0,1,95,304,257
0,1,96,305,257
0,1,97,306,257
0,1,98,307,257
0,1,99,308,257
0,1,100,309,257
0,1,101,310,257
0,1,102,311,257
0,1,103,312,257
0,1,104,313,256
0,1,105,314,256
0,1,106,315,256
0,1,107,316,256
0,1,108,317,256
0,1,109,318,256
0,1,110,319,256
0,1,111,320,256
0,1,112,321,256
0,1,113,322,256
0,1,114,323,256
0,1,115,324,256
0,1,116,325,256
0,1,117,326,256
0,1,118,327,256
0,1,119,328,255
0,1,120,329,255
0,1,121,330,255
0,1,122,331,255
0,1,123,332,255
0,1,124,333,255
0,1,125,334,255
0,1,126,335,255
0,1,127,336,255
0,1,128,337,255
0,1,129,338,255
