img_17_4,,0,True,1035,571,1033,537,34.058772731852805,4307.753575124743,33.731484193468816,2876.335728295323,17,4
img_17_4,,1,False,,,,,,,,,17,4
img_17_4,,2,False,,,,,,,,,17,4
img_17_4,,3,False,,,,,,,,,17,4
img_17_4,,4,False,,,,,,,,,17,4
img_17_4,,5,True,853,742,852,705,37.013511046643494,4681.468877179469,33.731484193468816,3125.869657468502,17,4
img_17_4,,6,False,,,,,,,,,17,4
img_17_4,,7,False,,,,,,,,,17,4
img_17_4,,8,True,284,953,285,914,39.01281840626232,4934.3412720240585,33.731484193468816,3294.715412293285,17,4
img_17_4,,9,False,,,,,,,,,17,4
img_17_4,,10,False,,,,,,,,,17,4
img_17_4,,11,True,175,1029,177,981,48.041648597857254,6076.307714656986,33.731484193468816,4057.21930722982,17,4
img_17_4,,12,True,42,1064,41,1022,42.01190307520001,5313.665500951298,33.731484193468816,3547.9944853052316,17,4
img_17_4,,13,False,,,,,,,,,17,4
img_17_4,,14,True,446,986,441,943,43.289721643826724,5475.283993511204,33.731484193468816,3655.908978647583,17,4
img_17_4,,15,True,421,1005,418,964,41.10960958218893,5199.5434199552565,33.731484193468816,3471.7938825474885,17,4
img_17_4,,16,True,648,86,642,46,40.44749683231337,5115.799399350995,33.731484193468816,3415.87705390481,17,4
